100
447 323
781 905
40 510
952 246
409 123
913 668
203 705
504 546
752 56
557 410
181 171
849 280
97 56
10 725
608 990
107 86
642 738
448 389
241 287
808 821
979 589
729 693
695 820
341 483
69 801
500 203
545 748
592 628
56 4
743 309
959 268
3 830
300 691
626 472
827 429
786 372
170 543
98 782
383 518
510 110
543 140
801 422
16 176
958 501
280 20
685 392
469 256
26 641
62 738
265 217
349 311
181 986
409 726
151 798
888 386
631 971
176 939
226 926
480 817
415 249
971 338
250 799
917 73
243 514
892 511
994 55
962 682
802 197
916 282
333 965
513 127
82 744
678 412
595 877
828 476
855 315
294 388
32 604
264 267
995 532
71 144
75 787
529 376
48 454
466 500
439 271
937 86
46 360
435 41
708 710
638 171
508 85
359 679
709 890
736 706
491 333
414 972
492 699
810 636
325 719